0,26542
1,87032
2,171542
3,263092
4,357754
5,454330
6,552104
7,651156
8,752100
9,853018
10,954418
11,1056650
12,1157480
13,1257602
14,1355566
15,1452828
16,1547724
17,1642180
18,1736450
19,1829700
20,1921208
21,2012012
22,2102986
23,2194624
24,2285334
25,2377600
26,2471072
27,2566934
28,2662924
29,2760068
30,2857252
31,2953234
32,3046386
33,3136504
34,3222630
35,3306358
36,3389382
37,3474338
38,3559612
39,3647276
40,3735366
41,3821316
42,3906504
43,3988638
44,4066298
45,4136608
46,4200656
47,4260392
48,4316944
49,4371384
50,4424788
51,4478668
52,4531004
53,4583792
54,4636780
55,4691766
56,4744072
57,4795194
58,4841876
59,4885028
60,4924482
61,4962590
62,5001598
63,5037886
64,5071536
65,5105286
66,5139372
67,5172762
68,5203010
69,5230884
70,5258508
71,5285464
72,5309778
73,5334138
74,5359796
75,5388384
76,5415500
77,5444096
78,5472424
79,5501436
80,5533410
81,5565620
82,5597810
83,5626954
84,5648260
85,5662680
86,5674736
87,5684156
88,5692594
89,5694466
90,5695430
91,5692752
92,5685900
93,5674374
94,5656896
95,5633904
96,5607306
97,5576414
98,5544286
99,5508582
100,5471796
101,5432112
102,5389982
103,5349334
104,5307056
105,5266424
106,5229898
107,5193116
108,5155328
109,5117866
110,5080010
111,5043946
112,5007496
113,4971490
114,4930626
115,4890122
116,4849518
117,4806940
118,4762192
119,4716692
120,4669292
121,4617562
122,4562258
123,4503226
124,4442886
125,4381028
126,4319594
127,4257882
128,4200926
129,4145936
130,4093944
131,4042638
132,3993596
133,3943344
134,3894062
135,3842212
136,3789900
137,3738236
138,3683840
139,3627546
140,3572644
141,3517984
142,3463004
143,3407770
144,3353582
145,3300114
146,3245354
147,3189828
148,3135294
149,3080630
150,3025470
151,2973122
152,2922372
153,2873342
154,2824736
155,2778946
156,2733620
157,2690084
158,2646296
159,2605216
160,2566636
161,2529032
162,2489086
163,2446824
164,2402902
165,2358288
166,2311786
167,2261952
168,2211970
169,2160040
170,2107912
171,2056198
172,2005102
173,1954656
174,1904970
175,1856870
176,1811538
177,1765998
178,1720656
179,1675300
180,1631306
181,1588006
182,1545688
183,1504446
184,1462964
185,1420798
186,1377978
187,1333784
188,1288918
189,1243490
190,1196262
191,1148936
192,1098974
193,1047604
194,995668
195,943812
196,891602
197,840032
198,790636
199,742628
200,697346
201,654608
202,613990
203,574814
204,538748
205,505218
206,474394
207,444814
208,415944
209,388256
210,361998
211,337458
212,313708
213,292172
214,272014
215,253158
216,235500
217,218900
218,203694
219,188968
220,175830
221,163904
222,152602
223,141600
224,130956
225,120040
226,109386
227,98176
228,86970
229,76312
230,66330
231,57356
232,49454
233,42890
234,37084
235,32078
236,27900
237,24484
238,21406
239,18834
240,16346
241,13878
242,11516
243,9200
244,7038
245,5126
246,3604
247,2428
248,1666
249,1110
250,696
251,418
252,236
253,126
254,76
255,40
256,16
257,6
258,2
